1259293560	
252695055	
3027809460	
4042264560
1263225615	
252698895	
3538955760	
4042268400
1263225675	
252702735	
3726716205	
4042272240
1921479288	
254618925	
3789630945	
4042310415
2018211960	
255652080	
3789677025	
4042321935
2018212080	
256577355	
4027518735	
505290270
2273806215	
259526415	
4027544304	
517140690
2495001780	
260960271	
4027576560	
521018910
252645195	
263458575	
4030467855	
570174960
252645360	
263458635	
4031508720	
756019215
252648975	
264499440	
4034007024	
757935405
252656655	
265482450	
4035440880	
764273037
252656880	
267390735	
4039315215	
252691440	
267422991	
4041289185	