1259293455
252691440	
265482450	
4039315215
1263225615	
252695055	
267390735	
4041289185
1263225675	
252698895	
2783028705	
4042264560
1921479288	
252702735	
3031741620	
4042272240
2018211960	
254611245	
3538955760	
4042310415
2018212080	
254618925	
3789677025	
4042321935
2273806215	
255594255	
4027518735	
505290270
252645195	
255652080	
4027544304	
517140690
252645360	
256577355	
4027576560	
521018910
252648975	
259526415	
4030467855	
755961615
252656655	
260509455	
4031508720	
756011535
252656880	
260960271	
4034007024	
757935405
252691215	
264499440	
4035440880	