1259293455	
252691215	
263458635	
4034007024
1263225615	
252691440	
264499440	
4035440880
1263225675	
252695055	
265482450	
4041289185
1921479288	
252698895	
267390735	
4042264560
2018211960	
252702735	
2783028705	
4042272240
2018212080	
254611245	
3537972705	
4042310415
2273806215	
254618925	
3538955760	
4042321935
252645195	
255594255	
4027518735	
505290270
252645360	
255652080	
4027544304	
517140690
252648975	
256577355	
4027576560	
521018910
252656655	
259526415	
4030467855	
756019215
252656880	
263458575	
4031508720	
757935405