1259293455
1263225615
1263225675
1921479288
2018211960
2018212080
2273806215
252645195
252645360
252648975
252656655
252691215
252691440
252698895
252702735
254611245
254618925
255594255
255652080
256577355
259526415
260509455
264441615
264499440
265482450
267390735
267422991
2783028705
3031741620
3789677025
4027544304
4027576560
4034007024
4035440880
4039315215
4041289185
4042264560
4042272240
505290270
517140690
521018910
755961615
755969295
757935405
4027518735
4031508720
4042321935
4042310415